#Layer_Color=32768
#
#Feature symbol names
#
$0 r3.937
$1 r1.9685
$2 r7.874

#
#Feature attribute names
#

#
#Layer features
#
L 0.5874015 1.0590551 0.5874015 2.8779527 2 P 0
L 0.5874015 1.0590551 0.9874015 1.0590551 2 P 0
L 0.5874015 2.8779527 0.9874015 2.8779527 2 P 0
L 0.7677165 1.9685039 0.8070865 1.9685039 2 P 0
L 0.7874015 1.9488189 0.7874015 1.9685039 2 P 0
L 0.7874015 1.9488189 0.7874015 1.9881889 2 P 0
L 0.9874015 1.0590551 0.9874015 2.8779527 2 P 0
L 1.1112205 1.8917322 1.1112205 2.0452755 0 P 0
L 1.1112205 1.8917322 1.2509843 1.8917322 0 P 0
L 1.1112205 2.0452755 1.2509843 2.0452755 0 P 0
L 1.1122047 2.2775591 1.1122047 2.4468504 1 P 0
L 1.1122047 2.2775591 1.25 2.2775591 1 P 0
L 1.1122047 2.4468504 1.25 2.4468504 1 P 0
L 1.1515748 1.5157479 1.1515748 1.6338582 1 P 0
L 1.1515748 1.5157479 1.2106299 1.5157479 1 P 0
L 1.1515748 1.6338582 1.2106299 1.6338582 1 P 0
L 1.1515749 1.7125984 1.1515749 1.8307087 1 P 0
L 1.1515749 1.7125984 1.21063 1.7125984 1 P 0
L 1.1515749 1.8307087 1.21063 1.8307087 1 P 0
L 1.1515749 2.1062992 1.1515749 2.2244095 1 P 0
L 1.1515749 2.1062992 1.21063 2.1062992 1 P 0
L 1.1515749 2.2244095 1.21063 2.2244095 1 P 0
L 1.1614173 0.2165354 1.1614173 0.5708662 2 P 0
L 1.1614173 0.2165354 1.9881889 0.2165354 2 P 0
L 1.1614173 0.5708662 1.9881889 0.5708662 2 P 0
L 1.1614173 1.9685039 1.2007874 1.9685039 0 P 0
L 1.1614173 2.3622047 1.2007874 2.3622047 0 P 0
L 1.1614173 3.3661417 1.1614173 3.7204725 2 P 0
L 1.1614173 3.3661417 1.9881889 3.3661417 2 P 0
L 1.1614173 3.7204725 1.9881889 3.7204725 2 P 0
L 1.1624016 1.574803 1.1998031 1.574803 1 P 0
L 1.1624017 1.7716536 1.1998032 1.7716536 1 P 0
L 1.1624017 2.1653544 1.1998032 2.1653544 1 P 0
L 1.1811024 1.5561022 1.1811024 1.5935038 1 P 0
L 1.1811024 1.7529528 1.1811024 1.7903544 1 P 0
L 1.1811024 1.9488188 1.1811024 1.9881889 0 P 0
L 1.1811024 2.1466536 1.1811024 2.1840552 1 P 0
L 1.1811024 2.3425197 1.1811024 2.3818898 0 P 0
L 1.2106299 1.5157479 1.2106299 1.6338582 1 P 0
L 1.21063 1.7125984 1.21063 1.8307087 1 P 0
L 1.21063 2.1062992 1.21063 2.2244095 1 P 0
L 1.25 2.2775591 1.25 2.4468504 1 P 0
L 1.2509843 1.8917322 1.2509843 2.0452755 0 P 0
L 1.3639582 1.4615952 1.3639582 2.464548 0 P 0
L 1.3639582 1.4615952 1.7320724 1.4615952 0 P 0
L 1.3639582 2.464548 1.7320724 2.464548 0 P 0
L 1.5549071 1.968485 1.5942771 1.968485 0 P 0
L 1.5551181 0.3937008 1.5944881 0.3937008 2 P 0
L 1.5551181 3.5433071 1.5944881 3.5433071 2 P 0
L 1.5745921 1.9488 1.5745921 1.98817 0 P 0
L 1.5748031 0.3740158 1.5748031 0.4133858 2 P 0
L 1.5748031 3.5236221 1.5748031 3.5629921 2 P 0
L 1.7320724 1.4615952 1.7320724 2.464548 0 P 0
L 1.7874015 2.3543307 1.7874015 3.1574803 2 P 0
L 1.7874015 2.3543307 2.1496063 2.3543307 2 P 0
L 1.7874015 3.1574803 2.1496063 3.1574803 2 P 0
L 1.8740156 1.4279527 1.8740156 1.7216535 2 P 0
L 1.8740156 1.4279527 2.1023621 1.4279527 2 P 0
L 1.8740156 1.7216535 2.1023621 1.7216535 2 P 0
L 1.8740156 1.8216535 1.8740156 2.1153543 2 P 0
L 1.8740156 1.8216535 2.1023621 1.8216535 2 P 0
L 1.8740156 2.1153543 2.1023621 2.1153543 2 P 0
L 1.9389764 0.9251969 1.9389764 1.0433072 1 P 0
L 1.9389764 0.9251969 1.9980315 0.9251969 1 P 0
L 1.9389764 1.0433072 1.9980315 1.0433072 1 P 0
L 1.9389764 1.1220472 1.9389764 1.2401575 1 P 0
L 1.9389764 1.1220472 1.9980315 1.1220472 1 P 0
L 1.9389764 1.2401575 1.9980315 1.2401575 1 P 0
L 1.9488188 1.5748031 1.9881888 1.5748031 2 P 0
L 1.9488188 1.9685039 1.9881888 1.9685039 2 P 0
L 1.9488189 2.7559055 1.9881889 2.7559055 2 P 0
L 1.9498032 0.9842521 1.9872047 0.9842521 1 P 0
L 1.9498032 1.1811024 1.9872047 1.1811024 1 P 0
L 1.9685038 1.5551181 1.9685038 1.5944881 2 P 0
L 1.9685038 1.9488189 1.9685038 1.9881889 2 P 0
L 1.9685039 0.9655513 1.9685039 1.0029529 1 P 0
L 1.9685039 1.1624016 1.9685039 1.1998032 1 P 0
L 1.9685039 2.7362205 1.9685039 2.7755905 2 P 0
L 1.9881889 0.2165354 1.9881889 0.5708662 2 P 0
L 1.9881889 3.3661417 1.9881889 3.7204725 2 P 0
L 1.9980315 0.9251969 1.9980315 1.0433072 1 P 0
L 1.9980315 1.1220472 1.9980315 1.2401575 1 P 0
L 10.0533646 0.6850583 10.0533646 1.6880111 0 P 0
L 10.1023622 1.034252 10.1023622 1.3279528 2 P 0
L 10.1023622 1.034252 10.3307087 1.034252 2 P 0
L 10.1023622 1.3279528 10.3307087 1.3279528 2 P 0
L 10.2165355 1.1811024 10.2559055 1.1811024 2 P 0
L 10.2362205 1.1614174 10.2362205 1.2007874 2 P 0
L 10.2559055 0.2165354 10.2559055 0.5708662 2 P 0
L 10.2559055 3.3661416 10.2559055 3.7204724 2 P 0
L 10.3307087 1.034252 10.3307087 1.3279528 2 P 0
L 10.5600394 1.3011811 10.5600394 1.4547244 0 P 0
L 10.5600394 1.3011811 10.6998032 1.3011811 0 P 0
L 10.5600394 1.4547244 10.6998032 1.4547244 0 P 0
L 10.5610236 1.8838583 10.5610236 2.0531496 1 P 0
L 10.5610236 1.8838583 10.6988189 1.8838583 1 P 0
L 10.5610236 2.0531496 10.6988189 2.0531496 1 P 0
L 10.6003938 0.9251969 10.6003938 1.0433072 1 P 0
L 10.6003938 0.9251969 10.6594489 0.9251969 1 P 0
L 10.6003938 1.0433072 10.6594489 1.0433072 1 P 0
L 10.6003938 1.1220473 10.6003938 1.2401576 1 P 0
L 10.6003938 1.1220473 10.6594489 1.1220473 1 P 0
L 10.6003938 1.2401576 10.6594489 1.2401576 1 P 0
L 10.6003938 1.515748 10.6003938 1.6338583 1 P 0
L 10.6003938 1.515748 10.6594489 1.515748 1 P 0
L 10.6003938 1.6338583 10.6594489 1.6338583 1 P 0
L 10.6003938 1.7125984 10.6003938 1.8307087 1 P 0
L 10.6003938 1.7125984 10.6594489 1.7125984 1 P 0
L 10.6003938 1.8307087 10.6594489 1.8307087 1 P 0
L 10.6102362 0.2165354 10.6102362 0.5708662 2 P 0
L 10.6102362 0.2165354 11.4370078 0.2165354 2 P 0
L 10.6102362 0.5708662 11.4370078 0.5708662 2 P 0
L 10.6102362 1.3779528 10.6496063 1.3779528 0 P 0
L 10.6102362 1.9685039 10.6496063 1.9685039 0 P 0
L 10.6102362 3.3661416 10.6102362 3.7204724 2 P 0
L 10.6102362 3.3661416 11.4370078 3.3661416 2 P 0
L 10.6102362 3.7204724 11.4370078 3.7204724 2 P 0
L 10.6112206 0.9842521 10.6486221 0.9842521 1 P 0
L 10.6112206 1.1811025 10.6486221 1.1811025 1 P 0
L 10.6112206 1.5748032 10.6486221 1.5748032 1 P 0
L 10.6112206 1.7716536 10.6486221 1.7716536 1 P 0
L 10.6299213 0.9655513 10.6299213 1.0029529 1 P 0
L 10.6299213 1.1624017 10.6299213 1.1998033 1 P 0
L 10.6299213 1.3582677 10.6299213 1.3976378 0 P 0
L 10.6299213 1.5561024 10.6299213 1.593504 1 P 0
L 10.6299213 1.7529528 10.6299213 1.7903544 1 P 0
L 10.6299213 1.9488189 10.6299213 1.988189 0 P 0
L 10.6594489 0.9251969 10.6594489 1.0433072 1 P 0
L 10.6594489 1.1220473 10.6594489 1.2401576 1 P 0
L 10.6594489 1.515748 10.6594489 1.6338583 1 P 0
L 10.6594489 1.7125984 10.6594489 1.8307087 1 P 0
L 10.6988189 1.8838583 10.6988189 2.0531496 1 P 0
L 10.6998032 1.3011811 10.6998032 1.4547244 0 P 0
L 10.8663528 0.6850583 10.8663528 1.6880111 0 P 0
L 10.8663528 0.6850583 11.234467 0.6850583 0 P 0
L 10.8663528 1.6880111 11.234467 1.6880111 0 P 0
L 10.9940945 1.9094488 10.9940945 2.0275591 1 P 0
L 10.9940945 1.9094488 11.0531496 1.9094488 1 P 0
L 10.9940945 2.0275591 11.0531496 2.0275591 1 P 0
L 11.003937 0.3937008 11.043307 0.3937008 2 P 0
L 11.003937 3.543307 11.043307 3.543307 2 P 0
L 11.0041481 1.1811213 11.0435181 1.1811213 0 P 0
L 11.0049213 1.968504 11.0423228 1.968504 1 P 0
L 11.023622 0.3740158 11.023622 0.4133858 2 P 0
L 11.023622 1.9498032 11.023622 1.9872048 1 P 0
L 11.023622 3.523622 11.023622 3.562992 2 P 0
L 11.0238331 1.1614363 11.0238331 1.2008063 0 P 0
L 11.0531496 1.9094488 11.0531496 2.0275591 1 P 0
L 11.234467 0.6850583 11.234467 1.6880111 0 P 0
L 11.2834646 1.034252 11.2834646 1.3279528 2 P 0
L 11.2834646 1.034252 11.5118111 1.034252 2 P 0
L 11.2834646 1.3279528 11.5118111 1.3279528 2 P 0
L 11.3976379 1.1811024 11.4370079 1.1811024 2 P 0
L 11.4173229 1.1614174 11.4173229 1.2007874 2 P 0
L 11.4370078 0.2165354 11.4370078 0.5708662 2 P 0
L 11.4370078 3.3661416 11.4370078 3.7204724 2 P 0
L 11.5118111 1.034252 11.5118111 1.3279528 2 P 0
L 2.1023621 1.4279527 2.1023621 1.7216535 2 P 0
L 2.1023621 1.8216535 2.1023621 2.1153543 2 P 0
L 2.1496063 2.3543307 2.1496063 3.1574803 2 P 0
L 2.2923228 1.8917322 2.2923228 2.0452755 0 P 0
L 2.2923228 1.8917322 2.4320866 1.8917322 0 P 0
L 2.2923228 2.0452755 2.4320866 2.0452755 0 P 0
L 2.293307 2.2775591 2.293307 2.4468504 1 P 0
L 2.293307 2.2775591 2.4311023 2.2775591 1 P 0
L 2.293307 2.4468504 2.4311023 2.4468504 1 P 0
L 2.3326771 1.5157479 2.3326771 1.6338582 1 P 0
L 2.3326771 1.5157479 2.3917322 1.5157479 1 P 0
L 2.3326771 1.6338582 2.3917322 1.6338582 1 P 0
L 2.3326772 1.7125984 2.3326772 1.8307087 1 P 0
L 2.3326772 1.7125984 2.3917323 1.7125984 1 P 0
L 2.3326772 1.8307087 2.3917323 1.8307087 1 P 0
L 2.3326772 2.1062992 2.3326772 2.2244095 1 P 0
L 2.3326772 2.1062992 2.3917323 2.1062992 1 P 0
L 2.3326772 2.2244095 2.3917323 2.2244095 1 P 0
L 2.3425196 1.9685039 2.3818897 1.9685039 0 P 0
L 2.3425196 2.3622047 2.3818897 2.3622047 0 P 0
L 2.3425197 0.2165354 2.3425197 0.5708662 2 P 0
L 2.3425197 0.2165354 3.1692913 0.2165354 2 P 0
L 2.3425197 0.5708662 3.1692913 0.5708662 2 P 0
L 2.3425197 3.3661417 2.3425197 3.7204725 2 P 0
L 2.3425197 3.3661417 3.1692913 3.3661417 2 P 0
L 2.3425197 3.7204725 3.1692913 3.7204725 2 P 0
L 2.3435039 1.574803 2.3809054 1.574803 1 P 0
L 2.343504 1.7716536 2.3809055 1.7716536 1 P 0
L 2.343504 2.1653544 2.3809055 2.1653544 1 P 0
L 2.3622047 1.5561022 2.3622047 1.5935038 1 P 0
L 2.3622047 1.7529528 2.3622047 1.7903544 1 P 0
L 2.3622047 1.9488188 2.3622047 1.9881889 0 P 0
L 2.3622047 2.1466536 2.3622047 2.1840552 1 P 0
L 2.3622047 2.3425197 2.3622047 2.3818898 0 P 0
L 2.3917322 1.5157479 2.3917322 1.6338582 1 P 0
L 2.3917323 1.7125984 2.3917323 1.8307087 1 P 0
L 2.3917323 2.1062992 2.3917323 2.2244095 1 P 0
L 2.4311023 2.2775591 2.4311023 2.4468504 1 P 0
L 2.4320866 1.8917322 2.4320866 2.0452755 0 P 0
L 2.5450605 1.4615952 2.5450605 2.464548 0 P 0
L 2.5450605 1.4615952 2.9131747 1.4615952 0 P 0
L 2.5450605 2.464548 2.9131747 2.464548 0 P 0
L 2.7360094 1.968485 2.7753794 1.968485 0 P 0
L 2.7362205 0.3937008 2.7755905 0.3937008 2 P 0
L 2.7362205 3.5433071 2.7755905 3.5433071 2 P 0
L 2.7556944 1.9488 2.7556944 1.98817 0 P 0
L 2.7559055 0.3740158 2.7559055 0.4133858 2 P 0
L 2.7559055 3.5236221 2.7559055 3.5629921 2 P 0
L 2.9131747 1.4615952 2.9131747 2.464548 0 P 0
L 2.9685039 2.3543307 2.9685039 3.1574803 2 P 0
L 2.9685039 2.3543307 3.3307087 2.3543307 2 P 0
L 2.9685039 3.1574803 3.3307087 3.1574803 2 P 0
L 3.055118 1.4279527 3.055118 1.7216535 2 P 0
L 3.055118 1.4279527 3.2834645 1.4279527 2 P 0
L 3.055118 1.7216535 3.2834645 1.7216535 2 P 0
L 3.055118 1.8216535 3.055118 2.1153543 2 P 0
L 3.055118 1.8216535 3.2834645 1.8216535 2 P 0
L 3.055118 2.1153543 3.2834645 2.1153543 2 P 0
L 3.1200788 1.1220472 3.1200788 1.2401575 1 P 0
L 3.1200788 1.1220472 3.1791339 1.1220472 1 P 0
L 3.1200788 1.2401575 3.1791339 1.2401575 1 P 0
L 3.1200789 0.9251969 3.1200789 1.0433072 1 P 0
L 3.1200789 0.9251969 3.179134 0.9251969 1 P 0
L 3.1200789 1.0433072 3.179134 1.0433072 1 P 0
L 3.1299212 1.5748031 3.1692912 1.5748031 2 P 0
L 3.1299212 1.9685039 3.1692912 1.9685039 2 P 0
L 3.1299213 2.7559055 3.1692913 2.7559055 2 P 0
L 3.1309056 1.1811024 3.1683071 1.1811024 1 P 0
L 3.1309057 0.9842521 3.1683072 0.9842521 1 P 0
L 3.1496062 1.5551181 3.1496062 1.5944881 2 P 0
L 3.1496062 1.9488189 3.1496062 1.9881889 2 P 0
L 3.1496063 1.1624016 3.1496063 1.1998032 1 P 0
L 3.1496063 2.7362205 3.1496063 2.7755905 2 P 0
L 3.1496064 0.9655513 3.1496064 1.0029529 1 P 0
L 3.1692913 0.2165354 3.1692913 0.5708662 2 P 0
L 3.1692913 3.3661417 3.1692913 3.7204725 2 P 0
L 3.1791339 1.1220472 3.1791339 1.2401575 1 P 0
L 3.179134 0.9251969 3.179134 1.0433072 1 P 0
L 3.2834645 1.4279527 3.2834645 1.7216535 2 P 0
L 3.2834645 1.8216535 3.2834645 2.1153543 2 P 0
L 3.3307087 2.3543307 3.3307087 3.1574803 2 P 0
L 3.4734252 1.8917322 3.4734252 2.0452755 0 P 0
L 3.4734252 1.8917322 3.613189 1.8917322 0 P 0
L 3.4734252 2.0452755 3.613189 2.0452755 0 P 0
L 3.4744094 2.2775591 3.4744094 2.4468504 1 P 0
L 3.4744094 2.2775591 3.6122047 2.2775591 1 P 0
L 3.4744094 2.4468504 3.6122047 2.4468504 1 P 0
L 3.5137796 1.515748 3.5137796 1.6338583 1 P 0
L 3.5137796 1.515748 3.5728347 1.515748 1 P 0
L 3.5137796 1.6338583 3.5728347 1.6338583 1 P 0
L 3.5137796 1.7125984 3.5137796 1.8307087 1 P 0
L 3.5137796 1.7125984 3.5728347 1.7125984 1 P 0
L 3.5137796 1.8307087 3.5728347 1.8307087 1 P 0
L 3.5137796 2.1062992 3.5137796 2.2244095 1 P 0
L 3.5137796 2.1062992 3.5728347 2.1062992 1 P 0
L 3.5137796 2.2244095 3.5728347 2.2244095 1 P 0
L 3.523622 1.9685039 3.5629921 1.9685039 0 P 0
L 3.523622 2.3622047 3.5629921 2.3622047 0 P 0
L 3.5236221 0.2165354 3.5236221 0.5708662 2 P 0
L 3.5236221 0.2165354 4.3503937 0.2165354 2 P 0
L 3.5236221 0.5708662 4.3503937 0.5708662 2 P 0
L 3.5236221 3.3661417 3.5236221 3.7204725 2 P 0
L 3.5236221 3.3661417 4.3503937 3.3661417 2 P 0
L 3.5236221 3.7204725 4.3503937 3.7204725 2 P 0
L 3.5246064 1.5748032 3.5620079 1.5748032 1 P 0
L 3.5246064 1.7716536 3.5620079 1.7716536 1 P 0
L 3.5246064 2.1653544 3.5620079 2.1653544 1 P 0
L 3.5433071 1.5561024 3.5433071 1.593504 1 P 0
L 3.5433071 1.7529528 3.5433071 1.7903544 1 P 0
L 3.5433071 1.9488188 3.5433071 1.9881889 0 P 0
L 3.5433071 2.1466536 3.5433071 2.1840552 1 P 0
L 3.5433071 2.3425197 3.5433071 2.3818898 0 P 0
L 3.5728347 1.515748 3.5728347 1.6338583 1 P 0
L 3.5728347 1.7125984 3.5728347 1.8307087 1 P 0
L 3.5728347 2.1062992 3.5728347 2.2244095 1 P 0
L 3.6122047 2.2775591 3.6122047 2.4468504 1 P 0
L 3.613189 1.8917322 3.613189 2.0452755 0 P 0
L 3.7261629 1.4615952 3.7261629 2.464548 0 P 0
L 3.7261629 1.4615952 4.0942771 1.4615952 0 P 0
L 3.7261629 2.464548 4.0942771 2.464548 0 P 0
L 3.9171118 1.968485 3.9564818 1.968485 0 P 0
L 3.9173229 0.3937008 3.9566929 0.3937008 2 P 0
L 3.9173229 3.5433071 3.9566929 3.5433071 2 P 0
L 3.9367968 1.9488 3.9367968 1.98817 0 P 0
L 3.9370079 0.3740158 3.9370079 0.4133858 2 P 0
L 3.9370079 3.5236221 3.9370079 3.5629921 2 P 0
L 4.0942771 1.4615952 4.0942771 2.464548 0 P 0
L 4.1496063 2.3543307 4.1496063 3.1574803 2 P 0
L 4.1496063 2.3543307 4.5118111 2.3543307 2 P 0
L 4.1496063 3.1574803 4.5118111 3.1574803 2 P 0
L 4.2362204 1.4279527 4.2362204 1.7216535 2 P 0
L 4.2362204 1.4279527 4.4645669 1.4279527 2 P 0
L 4.2362204 1.7216535 4.4645669 1.7216535 2 P 0
L 4.2362204 1.8216535 4.2362204 2.1153543 2 P 0
L 4.2362204 1.8216535 4.4645669 1.8216535 2 P 0
L 4.2362204 2.1153543 4.4645669 2.1153543 2 P 0
L 4.3011812 0.9251969 4.3011812 1.0433072 1 P 0
L 4.3011812 0.9251969 4.3602363 0.9251969 1 P 0
L 4.3011812 1.0433072 4.3602363 1.0433072 1 P 0
L 4.3011812 1.1220472 4.3011812 1.2401575 1 P 0
L 4.3011812 1.1220472 4.3602363 1.1220472 1 P 0
L 4.3011812 1.2401575 4.3602363 1.2401575 1 P 0
L 4.3110236 1.5748031 4.3503936 1.5748031 2 P 0
L 4.3110236 1.9685039 4.3503936 1.9685039 2 P 0
L 4.3110237 2.7559055 4.3503937 2.7559055 2 P 0
L 4.312008 0.9842521 4.3494095 0.9842521 1 P 0
L 4.312008 1.1811024 4.3494095 1.1811024 1 P 0
L 4.3307086 1.5551181 4.3307086 1.5944881 2 P 0
L 4.3307086 1.9488189 4.3307086 1.9881889 2 P 0
L 4.3307087 0.9655513 4.3307087 1.0029529 1 P 0
L 4.3307087 1.1624016 4.3307087 1.1998032 1 P 0
L 4.3307087 2.7362205 4.3307087 2.7755905 2 P 0
L 4.3503937 0.2165354 4.3503937 0.5708662 2 P 0
L 4.3503937 3.3661417 4.3503937 3.7204725 2 P 0
L 4.3602363 0.9251969 4.3602363 1.0433072 1 P 0
L 4.3602363 1.1220472 4.3602363 1.2401575 1 P 0
L 4.4645669 1.4279527 4.4645669 1.7216535 2 P 0
L 4.4645669 1.8216535 4.4645669 2.1153543 2 P 0
L 4.5118111 2.3543307 4.5118111 3.1574803 2 P 0
L 4.6545275 1.8917322 4.6545275 2.0452755 0 P 0
L 4.6545275 1.8917322 4.7942913 1.8917322 0 P 0
L 4.6545275 2.0452755 4.7942913 2.0452755 0 P 0
L 4.6555117 2.2775591 4.6555117 2.4468504 1 P 0
L 4.6555117 2.2775591 4.793307 2.2775591 1 P 0
L 4.6555117 2.4468504 4.793307 2.4468504 1 P 0
L 4.6948819 1.515748 4.6948819 1.6338583 1 P 0
L 4.6948819 1.515748 4.753937 1.515748 1 P 0
L 4.6948819 1.6338583 4.753937 1.6338583 1 P 0
L 4.6948819 1.7125984 4.6948819 1.8307087 1 P 0
L 4.6948819 1.7125984 4.753937 1.7125984 1 P 0
L 4.6948819 1.8307087 4.753937 1.8307087 1 P 0
L 4.6948819 2.1062992 4.6948819 2.2244095 1 P 0
L 4.6948819 2.1062992 4.753937 2.1062992 1 P 0
L 4.6948819 2.2244095 4.753937 2.2244095 1 P 0
L 4.7047243 1.9685039 4.7440944 1.9685039 0 P 0
L 4.7047243 2.3622047 4.7440944 2.3622047 0 P 0
L 4.7047244 0.2165354 4.7047244 0.5708662 2 P 0
L 4.7047244 0.2165354 5.531496 0.2165354 2 P 0
L 4.7047244 0.5708662 5.531496 0.5708662 2 P 0
L 4.7047244 3.3661417 4.7047244 3.7204725 2 P 0
L 4.7047244 3.3661417 5.531496 3.3661417 2 P 0
L 4.7047244 3.7204725 5.531496 3.7204725 2 P 0
L 4.7057087 1.5748032 4.7431102 1.5748032 1 P 0
L 4.7057087 1.7716536 4.7431102 1.7716536 1 P 0
L 4.7057087 2.1653544 4.7431102 2.1653544 1 P 0
L 4.7244094 1.5561024 4.7244094 1.593504 1 P 0
L 4.7244094 1.7529528 4.7244094 1.7903544 1 P 0
L 4.7244094 1.9488188 4.7244094 1.9881889 0 P 0
L 4.7244094 2.1466536 4.7244094 2.1840552 1 P 0
L 4.7244094 2.3425197 4.7244094 2.3818898 0 P 0
L 4.753937 1.515748 4.753937 1.6338583 1 P 0
L 4.753937 1.7125984 4.753937 1.8307087 1 P 0
L 4.753937 2.1062992 4.753937 2.2244095 1 P 0
L 4.793307 2.2775591 4.793307 2.4468504 1 P 0
L 4.7942913 1.8917322 4.7942913 2.0452755 0 P 0
L 4.9072653 1.4615952 4.9072653 2.464548 0 P 0
L 4.9072653 1.4615952 5.2753795 1.4615952 0 P 0
L 4.9072653 2.464548 5.2753795 2.464548 0 P 0
L 5.0982142 1.968485 5.1375842 1.968485 0 P 0
L 5.0984252 0.3937008 5.1377952 0.3937008 2 P 0
L 5.0984252 3.5433071 5.1377952 3.5433071 2 P 0
L 5.1178992 1.9488 5.1178992 1.98817 0 P 0
L 5.1181102 0.3740158 5.1181102 0.4133858 2 P 0
L 5.1181102 3.5236221 5.1181102 3.5629921 2 P 0
L 5.2753795 1.4615952 5.2753795 2.464548 0 P 0
L 5.3307086 2.3543307 5.3307086 3.1574803 2 P 0
L 5.3307086 2.3543307 5.6929134 2.3543307 2 P 0
L 5.3307086 3.1574803 5.6929134 3.1574803 2 P 0
L 5.4173228 1.4279527 5.4173228 1.7216535 2 P 0
L 5.4173228 1.4279527 5.6456693 1.4279527 2 P 0
L 5.4173228 1.7216535 5.6456693 1.7216535 2 P 0
L 5.4173228 1.8216535 5.4173228 2.1153543 2 P 0
L 5.4173228 1.8216535 5.6456693 1.8216535 2 P 0
L 5.4173228 2.1153543 5.6456693 2.1153543 2 P 0
L 5.4822835 0.8937008 5.4822835 1.0118111 1 P 0
L 5.4822835 0.8937008 5.5413386 0.8937008 1 P 0
L 5.4822835 1.0118111 5.5413386 1.0118111 1 P 0
L 5.4822835 1.0905511 5.4822835 1.2086614 1 P 0
L 5.4822835 1.0905511 5.5413386 1.0905511 1 P 0
L 5.4822835 1.2086614 5.5413386 1.2086614 1 P 0
L 5.492126 1.5748031 5.531496 1.5748031 2 P 0
L 5.492126 1.9685039 5.531496 1.9685039 2 P 0
L 5.492126 2.7559055 5.531496 2.7559055 2 P 0
L 5.4931103 0.952756 5.5305118 0.952756 1 P 0
L 5.4931103 1.1496063 5.5305118 1.1496063 1 P 0
L 5.511811 0.9340552 5.511811 0.9714568 1 P 0
L 5.511811 1.1309055 5.511811 1.1683071 1 P 0
L 5.511811 1.5551181 5.511811 1.5944881 2 P 0
L 5.511811 1.9488189 5.511811 1.9881889 2 P 0
L 5.511811 2.7362205 5.511811 2.7755905 2 P 0
L 5.531496 0.2165354 5.531496 0.5708662 2 P 0
L 5.531496 3.3661417 5.531496 3.7204725 2 P 0
L 5.5413386 0.8937008 5.5413386 1.0118111 1 P 0
L 5.5413386 1.0905511 5.5413386 1.2086614 1 P 0
L 5.6456693 1.4279527 5.6456693 1.7216535 2 P 0
L 5.6456693 1.8216535 5.6456693 2.1153543 2 P 0
L 5.6929134 2.3543307 5.6929134 3.1574803 2 P 0
L 5.8356299 1.8917322 5.8356299 2.0452755 0 P 0
L 5.8356299 1.8917322 5.9753937 1.8917322 0 P 0
L 5.8356299 2.0452755 5.9753937 2.0452755 0 P 0
L 5.8366141 2.2775591 5.8366141 2.4468504 1 P 0
L 5.8366141 2.2775591 5.9744094 2.2775591 1 P 0
L 5.8366141 2.4468504 5.9744094 2.4468504 1 P 0
L 5.8759843 1.515748 5.8759843 1.6338583 1 P 0
L 5.8759843 1.515748 5.9350394 1.515748 1 P 0
L 5.8759843 1.6338583 5.9350394 1.6338583 1 P 0
L 5.8759843 1.7125984 5.8759843 1.8307087 1 P 0
L 5.8759843 1.7125984 5.9350394 1.7125984 1 P 0
L 5.8759843 1.8307087 5.9350394 1.8307087 1 P 0
L 5.8759843 2.1062992 5.8759843 2.2244095 1 P 0
L 5.8759843 2.1062992 5.9350394 2.1062992 1 P 0
L 5.8759843 2.2244095 5.9350394 2.2244095 1 P 0
L 5.8858267 1.9685039 5.9251968 1.9685039 0 P 0
L 5.8858267 2.3622047 5.9251968 2.3622047 0 P 0
L 5.8858268 0.2165354 5.8858268 0.5708662 2 P 0
L 5.8858268 0.2165354 6.7125984 0.2165354 2 P 0
L 5.8858268 0.5708662 6.7125984 0.5708662 2 P 0
L 5.8858268 3.3661417 5.8858268 3.7204725 2 P 0
L 5.8858268 3.3661417 6.7125984 3.3661417 2 P 0
L 5.8858268 3.7204725 6.7125984 3.7204725 2 P 0
L 5.8868111 1.5748032 5.9242126 1.5748032 1 P 0
L 5.8868111 1.7716536 5.9242126 1.7716536 1 P 0
L 5.8868111 2.1653544 5.9242126 2.1653544 1 P 0
L 5.9055118 1.5561024 5.9055118 1.593504 1 P 0
L 5.9055118 1.7529528 5.9055118 1.7903544 1 P 0
L 5.9055118 1.9488188 5.9055118 1.9881889 0 P 0
L 5.9055118 2.1466536 5.9055118 2.1840552 1 P 0
L 5.9055118 2.3425197 5.9055118 2.3818898 0 P 0
L 5.9350394 1.515748 5.9350394 1.6338583 1 P 0
L 5.9350394 1.7125984 5.9350394 1.8307087 1 P 0
L 5.9350394 2.1062992 5.9350394 2.2244095 1 P 0
L 5.9744094 2.2775591 5.9744094 2.4468504 1 P 0
L 5.9753937 1.8917322 5.9753937 2.0452755 0 P 0
L 6.0883677 1.4615952 6.0883677 2.464548 0 P 0
L 6.0883677 1.4615952 6.4564819 1.4615952 0 P 0
L 6.0883677 2.464548 6.4564819 2.464548 0 P 0
L 6.2793166 1.968485 6.3186866 1.968485 0 P 0
L 6.2795276 0.3937008 6.3188976 0.3937008 2 P 0
L 6.2795276 3.5433071 6.3188976 3.5433071 2 P 0
L 6.2990016 1.9488 6.2990016 1.98817 0 P 0
L 6.2992126 0.3740158 6.2992126 0.4133858 2 P 0
L 6.2992126 3.5236221 6.2992126 3.5629921 2 P 0
L 6.4564819 1.4615952 6.4564819 2.464548 0 P 0
L 6.511811 2.3543307 6.511811 3.1574803 2 P 0
L 6.511811 2.3543307 6.8740158 2.3543307 2 P 0
L 6.511811 3.1574803 6.8740158 3.1574803 2 P 0
L 6.5984251 1.4279527 6.5984251 1.7216535 2 P 0
L 6.5984251 1.4279527 6.8267716 1.4279527 2 P 0
L 6.5984251 1.7216535 6.8267716 1.7216535 2 P 0
L 6.5984251 1.8216535 6.5984251 2.1153543 2 P 0
L 6.5984251 1.8216535 6.8267716 1.8216535 2 P 0
L 6.5984251 2.1153543 6.8267716 2.1153543 2 P 0
L 6.6633859 0.9251969 6.6633859 1.0433072 1 P 0
L 6.6633859 0.9251969 6.722441 0.9251969 1 P 0
L 6.6633859 1.0433072 6.722441 1.0433072 1 P 0
L 6.6633859 1.1220472 6.6633859 1.2401575 1 P 0
L 6.6633859 1.1220472 6.722441 1.1220472 1 P 0
L 6.6633859 1.2401575 6.722441 1.2401575 1 P 0
L 6.6732283 1.5748031 6.7125983 1.5748031 2 P 0
L 6.6732283 1.9685039 6.7125983 1.9685039 2 P 0
L 6.6732284 2.7559055 6.7125984 2.7559055 2 P 0
L 6.6742127 0.9842521 6.7116142 0.9842521 1 P 0
L 6.6742127 1.1811024 6.7116142 1.1811024 1 P 0
L 6.6929133 1.5551181 6.6929133 1.5944881 2 P 0
L 6.6929133 1.9488189 6.6929133 1.9881889 2 P 0
L 6.6929134 0.9655513 6.6929134 1.0029529 1 P 0
L 6.6929134 1.1624016 6.6929134 1.1998032 1 P 0
L 6.6929134 2.7362205 6.6929134 2.7755905 2 P 0
L 6.7125984 0.2165354 6.7125984 0.5708662 2 P 0
L 6.7125984 3.3661417 6.7125984 3.7204725 2 P 0
L 6.722441 0.9251969 6.722441 1.0433072 1 P 0
L 6.722441 1.1220472 6.722441 1.2401575 1 P 0
L 6.8267716 1.4279527 6.8267716 1.7216535 2 P 0
L 6.8267716 1.8216535 6.8267716 2.1153543 2 P 0
L 6.8740158 2.3543307 6.8740158 3.1574803 2 P 0
L 7.0167323 1.8917322 7.0167323 2.0452755 0 P 0
L 7.0167323 1.8917322 7.1564961 1.8917322 0 P 0
L 7.0167323 2.0452755 7.1564961 2.0452755 0 P 0
L 7.0177165 2.2775591 7.0177165 2.4468504 1 P 0
L 7.0177165 2.2775591 7.1555118 2.2775591 1 P 0
L 7.0177165 2.4468504 7.1555118 2.4468504 1 P 0
L 7.0570867 1.515748 7.0570867 1.6338583 1 P 0
L 7.0570867 1.515748 7.1161418 1.515748 1 P 0
L 7.0570867 1.6338583 7.1161418 1.6338583 1 P 0
L 7.0570867 1.7125984 7.0570867 1.8307087 1 P 0
L 7.0570867 1.7125984 7.1161418 1.7125984 1 P 0
L 7.0570867 1.8307087 7.1161418 1.8307087 1 P 0
L 7.0570867 2.1062992 7.0570867 2.2244095 1 P 0
L 7.0570867 2.1062992 7.1161418 2.1062992 1 P 0
L 7.0570867 2.2244095 7.1161418 2.2244095 1 P 0
L 7.0669291 1.9685039 7.1062992 1.9685039 0 P 0
L 7.0669291 2.3622047 7.1062992 2.3622047 0 P 0
L 7.0669292 0.2165354 7.0669292 0.5708662 2 P 0
L 7.0669292 0.2165354 7.8937008 0.2165354 2 P 0
L 7.0669292 0.5708662 7.8937008 0.5708662 2 P 0
L 7.0669292 3.3661417 7.0669292 3.7204725 2 P 0
L 7.0669292 3.3661417 7.8937008 3.3661417 2 P 0
L 7.0669292 3.7204725 7.8937008 3.7204725 2 P 0
L 7.0679135 1.5748032 7.105315 1.5748032 1 P 0
L 7.0679135 1.7716536 7.105315 1.7716536 1 P 0
L 7.0679135 2.1653544 7.105315 2.1653544 1 P 0
L 7.0866142 1.5561024 7.0866142 1.593504 1 P 0
L 7.0866142 1.7529528 7.0866142 1.7903544 1 P 0
L 7.0866142 1.9488188 7.0866142 1.9881889 0 P 0
L 7.0866142 2.1466536 7.0866142 2.1840552 1 P 0
L 7.0866142 2.3425197 7.0866142 2.3818898 0 P 0
L 7.1161418 1.515748 7.1161418 1.6338583 1 P 0
L 7.1161418 1.7125984 7.1161418 1.8307087 1 P 0
L 7.1161418 2.1062992 7.1161418 2.2244095 1 P 0
L 7.1555118 2.2775591 7.1555118 2.4468504 1 P 0
L 7.1564961 1.8917322 7.1564961 2.0452755 0 P 0
L 7.26947 1.4615952 7.26947 2.464548 0 P 0
L 7.26947 1.4615952 7.6375842 1.4615952 0 P 0
L 7.26947 2.464548 7.6375842 2.464548 0 P 0
L 7.4604189 1.968485 7.4997889 1.968485 0 P 0
L 7.46063 0.3937008 7.5 0.3937008 2 P 0
L 7.46063 3.5433071 7.5 3.5433071 2 P 0
L 7.4801039 1.9488 7.4801039 1.98817 0 P 0
L 7.480315 0.3740158 7.480315 0.4133858 2 P 0
L 7.480315 3.5236221 7.480315 3.5629921 2 P 0
L 7.6375842 1.4615952 7.6375842 2.464548 0 P 0
L 7.6929133 2.3543307 7.6929133 3.1574803 2 P 0
L 7.6929133 2.3543307 8.0551181 2.3543307 2 P 0
L 7.6929133 3.1574803 8.0551181 3.1574803 2 P 0
L 7.7795275 1.4279527 7.7795275 1.7216535 2 P 0
L 7.7795275 1.4279527 8.007874 1.4279527 2 P 0
L 7.7795275 1.7216535 8.007874 1.7216535 2 P 0
L 7.7795275 1.8216535 7.7795275 2.1153543 2 P 0
L 7.7795275 1.8216535 8.007874 1.8216535 2 P 0
L 7.7795275 2.1153543 8.007874 2.1153543 2 P 0
L 7.8543307 1.5748031 7.8937007 1.5748031 2 P 0
L 7.8543307 1.9685039 7.8937007 1.9685039 2 P 0
L 7.8543307 2.7559055 7.8937007 2.7559055 2 P 0
L 7.8740157 1.5551181 7.8740157 1.5944881 2 P 0
L 7.8740157 1.9488189 7.8740157 1.9881889 2 P 0
L 7.8740157 2.7362205 7.8740157 2.7755905 2 P 0
L 7.8937008 0.2165354 7.8937008 0.5708662 2 P 0
L 7.8937008 3.3661417 7.8937008 3.7204725 2 P 0
L 8.007874 1.4279527 8.007874 1.7216535 2 P 0
L 8.007874 1.8216535 8.007874 2.1153543 2 P 0
L 8.0551181 2.3543307 8.0551181 3.1574803 2 P 0
L 8.1978346 1.3011811 8.1978346 1.4547244 0 P 0
L 8.1978346 1.3011811 8.3375984 1.3011811 0 P 0
L 8.1978346 1.4547244 8.3375984 1.4547244 0 P 0
L 8.1988188 1.8838583 8.1988188 2.0531496 1 P 0
L 8.1988188 1.8838583 8.3366141 1.8838583 1 P 0
L 8.1988188 2.0531496 8.3366141 2.0531496 1 P 0
L 8.238189 0.9251969 8.238189 1.0433072 1 P 0
L 8.238189 0.9251969 8.2972441 0.9251969 1 P 0
L 8.238189 1.0433072 8.2972441 1.0433072 1 P 0
L 8.238189 1.1220473 8.238189 1.2401576 1 P 0
L 8.238189 1.1220473 8.2972441 1.1220473 1 P 0
L 8.238189 1.2401576 8.2972441 1.2401576 1 P 0
L 8.238189 1.515748 8.238189 1.6338583 1 P 0
L 8.238189 1.515748 8.2972441 1.515748 1 P 0
L 8.238189 1.6338583 8.2972441 1.6338583 1 P 0
L 8.238189 1.7125984 8.238189 1.8307087 1 P 0
L 8.238189 1.7125984 8.2972441 1.7125984 1 P 0
L 8.238189 1.8307087 8.2972441 1.8307087 1 P 0
L 8.2480314 1.3779528 8.2874015 1.3779528 0 P 0
L 8.2480314 1.9685039 8.2874015 1.9685039 0 P 0
L 8.2480315 0.2165354 8.2480315 0.5708662 2 P 0
L 8.2480315 0.2165354 9.0748031 0.2165354 2 P 0
L 8.2480315 0.5708662 9.0748031 0.5708662 2 P 0
L 8.2480315 3.3661416 8.2480315 3.7204724 2 P 0
L 8.2480315 3.3661416 9.0748031 3.3661416 2 P 0
L 8.2480315 3.7204724 9.0748031 3.7204724 2 P 0
L 8.2490158 0.9842521 8.2864173 0.9842521 1 P 0
L 8.2490158 1.1811025 8.2864173 1.1811025 1 P 0
L 8.2490158 1.5748032 8.2864173 1.5748032 1 P 0
L 8.2490158 1.7716536 8.2864173 1.7716536 1 P 0
L 8.2677165 0.9655513 8.2677165 1.0029529 1 P 0
L 8.2677165 1.1624017 8.2677165 1.1998033 1 P 0
L 8.2677165 1.3582677 8.2677165 1.3976378 0 P 0
L 8.2677165 1.5561024 8.2677165 1.593504 1 P 0
L 8.2677165 1.7529528 8.2677165 1.7903544 1 P 0
L 8.2677165 1.9488189 8.2677165 1.988189 0 P 0
L 8.2972441 0.9251969 8.2972441 1.0433072 1 P 0
L 8.2972441 1.1220473 8.2972441 1.2401576 1 P 0
L 8.2972441 1.515748 8.2972441 1.6338583 1 P 0
L 8.2972441 1.7125984 8.2972441 1.8307087 1 P 0
L 8.3366141 1.8838583 8.3366141 2.0531496 1 P 0
L 8.3375984 1.3011811 8.3375984 1.4547244 0 P 0
L 8.504148 0.6850583 8.504148 1.6880111 0 P 0
L 8.504148 0.6850583 8.8722622 0.6850583 0 P 0
L 8.504148 1.6880111 8.8722622 1.6880111 0 P 0
L 8.6318898 1.9094488 8.6318898 2.0275591 1 P 0
L 8.6318898 1.9094488 8.6909449 1.9094488 1 P 0
L 8.6318898 2.0275591 8.6909449 2.0275591 1 P 0
L 8.6417323 0.3937008 8.6811023 0.3937008 2 P 0
L 8.6417323 3.543307 8.6811023 3.543307 2 P 0
L 8.6419433 1.1811213 8.6813133 1.1811213 0 P 0
L 8.6427166 1.968504 8.6801181 1.968504 1 P 0
L 8.6614173 0.3740158 8.6614173 0.4133858 2 P 0
L 8.6614173 1.9498032 8.6614173 1.9872048 1 P 0
L 8.6614173 3.523622 8.6614173 3.562992 2 P 0
L 8.6616283 1.1614363 8.6616283 1.2008063 0 P 0
L 8.6909449 1.9094488 8.6909449 2.0275591 1 P 0
L 8.8722622 0.6850583 8.8722622 1.6880111 0 P 0
L 8.9212598 1.034252 8.9212598 1.3279528 2 P 0
L 8.9212598 1.034252 9.1496063 1.034252 2 P 0
L 8.9212598 1.3279528 9.1496063 1.3279528 2 P 0
L 9.0354331 1.1811024 9.0748031 1.1811024 2 P 0
L 9.0551181 1.1614174 9.0551181 1.2007874 2 P 0
L 9.0748031 0.2165354 9.0748031 0.5708662 2 P 0
L 9.0748031 3.3661416 9.0748031 3.7204724 2 P 0
L 9.1496063 1.034252 9.1496063 1.3279528 2 P 0
L 9.378937 1.3011811 9.378937 1.4547244 0 P 0
L 9.378937 1.3011811 9.5187008 1.3011811 0 P 0
L 9.378937 1.4547244 9.5187008 1.4547244 0 P 0
L 9.3799212 1.8838583 9.3799212 2.0531496 1 P 0
L 9.3799212 1.8838583 9.5177165 1.8838583 1 P 0
L 9.3799212 2.0531496 9.5177165 2.0531496 1 P 0
L 9.4192914 0.9251969 9.4192914 1.0433072 1 P 0
L 9.4192914 0.9251969 9.4783465 0.9251969 1 P 0
L 9.4192914 1.0433072 9.4783465 1.0433072 1 P 0
L 9.4192914 1.1220473 9.4192914 1.2401576 1 P 0
L 9.4192914 1.1220473 9.4783465 1.1220473 1 P 0
L 9.4192914 1.2401576 9.4783465 1.2401576 1 P 0
L 9.4192914 1.515748 9.4192914 1.6338583 1 P 0
L 9.4192914 1.515748 9.4783465 1.515748 1 P 0
L 9.4192914 1.6338583 9.4783465 1.6338583 1 P 0
L 9.4192914 1.7125984 9.4192914 1.8307087 1 P 0
L 9.4192914 1.7125984 9.4783465 1.7125984 1 P 0
L 9.4192914 1.8307087 9.4783465 1.8307087 1 P 0
L 9.4291338 1.3779528 9.4685039 1.3779528 0 P 0
L 9.4291338 1.9685039 9.4685039 1.9685039 0 P 0
L 9.4291339 0.2165354 10.2559055 0.2165354 2 P 0
L 9.4291339 0.2165354 9.4291339 0.5708662 2 P 0
L 9.4291339 0.5708662 10.2559055 0.5708662 2 P 0
L 9.4291339 3.3661416 10.2559055 3.3661416 2 P 0
L 9.4291339 3.3661416 9.4291339 3.7204724 2 P 0
L 9.4291339 3.7204724 10.2559055 3.7204724 2 P 0
L 9.4301182 0.9842521 9.4675197 0.9842521 1 P 0
L 9.4301182 1.1811025 9.4675197 1.1811025 1 P 0
L 9.4301182 1.5748032 9.4675197 1.5748032 1 P 0
L 9.4301182 1.7716536 9.4675197 1.7716536 1 P 0
L 9.4488189 0.9655513 9.4488189 1.0029529 1 P 0
L 9.4488189 1.1624017 9.4488189 1.1998033 1 P 0
L 9.4488189 1.3582677 9.4488189 1.3976378 0 P 0
L 9.4488189 1.5561024 9.4488189 1.593504 1 P 0
L 9.4488189 1.7529528 9.4488189 1.7903544 1 P 0
L 9.4488189 1.9488189 9.4488189 1.988189 0 P 0
L 9.4783465 0.9251969 9.4783465 1.0433072 1 P 0
L 9.4783465 1.1220473 9.4783465 1.2401576 1 P 0
L 9.4783465 1.515748 9.4783465 1.6338583 1 P 0
L 9.4783465 1.7125984 9.4783465 1.8307087 1 P 0
L 9.5177165 1.8838583 9.5177165 2.0531496 1 P 0
L 9.5187008 1.3011811 9.5187008 1.4547244 0 P 0
L 9.6852504 0.6850583 10.0533646 0.6850583 0 P 0
L 9.6852504 0.6850583 9.6852504 1.6880111 0 P 0
L 9.6852504 1.6880111 10.0533646 1.6880111 0 P 0
L 9.8129922 1.9094488 9.8129922 2.0275591 1 P 0
L 9.8129922 1.9094488 9.8720473 1.9094488 1 P 0
L 9.8129922 2.0275591 9.8720473 2.0275591 1 P 0
L 9.8228347 0.3937008 9.8622047 0.3937008 2 P 0
L 9.8228347 3.543307 9.8622047 3.543307 2 P 0
L 9.8230457 1.1811213 9.8624157 1.1811213 0 P 0
L 9.823819 1.968504 9.8612205 1.968504 1 P 0
L 9.8425197 0.3740158 9.8425197 0.4133858 2 P 0
L 9.8425197 1.9498032 9.8425197 1.9872048 1 P 0
L 9.8425197 3.523622 9.8425197 3.562992 2 P 0
L 9.8427307 1.1614363 9.8427307 1.2008063 0 P 0
L 9.8720473 1.9094488 9.8720473 2.0275591 1 P 0
