#Layer_Color=16711935
#
#Feature symbol names
#
$0 r3.937
$1 r7.874

#
#Feature attribute names
#

#
#Layer features
#
L 0.5954655 1.0649615 0.5954655 2.8720463 1 P 0
L 0.5954655 1.0649615 0.9793247 1.0649615 1 P 0
L 0.5954655 2.8720463 0.9793247 2.8720463 1 P 0
L 0.9793247 1.0649615 0.9793247 2.8720463 1 P 0
L 1.121063 1.93937 1.121063 1.9976377 0 P 0
L 1.121063 1.93937 1.2411417 1.93937 0 P 0
L 1.121063 1.9976377 1.2411417 1.9976377 0 P 0
L 1.1220473 2.3287402 1.1220473 2.3956693 0 P 0
L 1.1220473 2.3287402 1.2401575 2.3287402 0 P 0
L 1.1220473 2.3956693 1.2401575 2.3956693 0 P 0
L 1.1624016 1.5413385 1.1624016 1.6082676 0 P 0
L 1.1624016 1.5413385 1.1998031 1.5413385 0 P 0
L 1.1624016 1.6082676 1.1998031 1.6082676 0 P 0
L 1.1624017 1.738189 1.1624017 1.8051181 0 P 0
L 1.1624017 1.738189 1.1998032 1.738189 0 P 0
L 1.1624017 1.8051181 1.1998032 1.8051181 0 P 0
L 1.1624017 2.1318898 1.1624017 2.1988189 0 P 0
L 1.1624017 2.1318898 1.1998032 2.1318898 0 P 0
L 1.1624017 2.1988189 1.1998032 2.1988189 0 P 0
L 1.1998031 1.5413385 1.1998031 1.6082676 0 P 0
L 1.1998032 1.738189 1.1998032 1.8051181 0 P 0
L 1.1998032 2.1318898 1.1998032 2.1988189 0 P 0
L 1.2048031 0.2136946 1.2048031 0.2137008 1 P 0
L 1.2048031 0.2136946 1.5248031 0.2136946 1 P 0
L 1.2048031 0.2137008 1.2048031 0.5737008 1 P 0
L 1.2048031 3.3633009 1.2048031 3.3633071 1 P 0
L 1.2048031 3.3633009 1.5248031 3.3633009 1 P 0
L 1.2048031 3.3633071 1.2048031 3.7233071 1 P 0
L 1.2048032 0.5737006 1.5248092 0.5737006 1 P 0
L 1.2048032 3.7233069 1.5248092 3.7233069 1 P 0
L 1.2401575 2.3287402 1.2401575 2.3956693 0 P 0
L 1.2411417 1.93937 1.2411417 1.9976377 0 P 0
L 1.3833055 1.4763759 1.3833055 2.4606255 1 P 0
L 1.3833055 1.4763759 1.7223071 1.4763759 1 P 0
L 1.3833055 2.4606255 1.7223071 2.4606255 1 P 0
L 1.5248031 0.2136946 1.5248031 0.3437008 1 P 0
L 1.5248031 0.3437008 1.6248034 0.3437008 1 P 0
L 1.5248031 3.3633009 1.5248031 3.4933071 1 P 0
L 1.5248031 3.4933071 1.6248034 3.4933071 1 P 0
L 1.5248092 0.4437008 1.5248092 0.5737006 1 P 0
L 1.5248092 0.4437008 1.6248031 0.4437008 1 P 0
L 1.5248092 3.5933071 1.5248092 3.7233069 1 P 0
L 1.5248092 3.5933071 1.6248031 3.5933071 1 P 0
L 1.6248031 0.4437008 1.6248031 0.5737006 1 P 0
L 1.6248031 0.5737006 1.9448031 0.5737006 1 P 0
L 1.6248031 3.5933071 1.6248031 3.7233069 1 P 0
L 1.6248031 3.7233069 1.9448031 3.7233069 1 P 0
L 1.6248034 0.2137008 1.6248034 0.3437008 1 P 0
L 1.6248034 0.2137008 1.9448031 0.2137008 1 P 0
L 1.6248034 3.3633071 1.6248034 3.4933071 1 P 0
L 1.6248034 3.3633071 1.9448031 3.3633071 1 P 0
L 1.7223071 1.4763759 1.7223071 2.4606255 1 P 0
L 1.7884911 2.3559119 1.7884911 3.1559119 1 P 0
L 1.7884911 2.3559119 2.1484911 2.3559119 1 P 0
L 1.7884911 3.1559119 2.1484911 3.1559119 1 P 0
L 1.9448031 0.2137008 1.9448031 0.5737008 1 P 0
L 1.9448031 0.5737006 1.9448031 0.5737008 1 P 0
L 1.9448031 3.3633071 1.9448031 3.7233071 1 P 0
L 1.9448031 3.7233069 1.9448031 3.7233071 1 P 0
L 1.9498032 0.9507875 1.9498032 1.0177166 0 P 0
L 1.9498032 0.9507875 1.9872047 0.9507875 0 P 0
L 1.9498032 1.0177166 1.9872047 1.0177166 0 P 0
L 1.9498032 1.1476378 1.9498032 1.2145669 0 P 0
L 1.9498032 1.1476378 1.9872047 1.1476378 0 P 0
L 1.9498032 1.2145669 1.9872047 1.2145669 0 P 0
L 1.9872047 0.9507875 1.9872047 1.0177166 0 P 0
L 1.9872047 1.1476378 1.9872047 1.2145669 0 P 0
L 10.0340173 0.6889808 10.0340173 1.6732304 1 P 0
L 10.2125197 0.2137008 10.2125197 0.5737008 1 P 0
L 10.2125197 0.5737006 10.2125197 0.5737008 1 P 0
L 10.2125197 3.363307 10.2125197 3.723307 1 P 0
L 10.2125197 3.7233068 10.2125197 3.723307 1 P 0
L 10.5698819 1.3488189 10.5698819 1.4070866 0 P 0
L 10.5698819 1.3488189 10.6899606 1.3488189 0 P 0
L 10.5698819 1.4070866 10.6899606 1.4070866 0 P 0
L 10.5708662 1.9350394 10.5708662 2.0019685 0 P 0
L 10.5708662 1.9350394 10.6889764 1.9350394 0 P 0
L 10.5708662 2.0019685 10.6889764 2.0019685 0 P 0
L 10.6112206 0.9507875 10.6112206 1.0177166 0 P 0
L 10.6112206 0.9507875 10.6486221 0.9507875 0 P 0
L 10.6112206 1.0177166 10.6486221 1.0177166 0 P 0
L 10.6112206 1.1476379 10.6112206 1.214567 0 P 0
L 10.6112206 1.1476379 10.6486221 1.1476379 0 P 0
L 10.6112206 1.214567 10.6486221 1.214567 0 P 0
L 10.6112206 1.5413386 10.6112206 1.6082677 0 P 0
L 10.6112206 1.5413386 10.6486221 1.5413386 0 P 0
L 10.6112206 1.6082677 10.6486221 1.6082677 0 P 0
L 10.6112206 1.738189 10.6112206 1.8051181 0 P 0
L 10.6112206 1.738189 10.6486221 1.738189 0 P 0
L 10.6112206 1.8051181 10.6486221 1.8051181 0 P 0
L 10.6486221 0.9507875 10.6486221 1.0177166 0 P 0
L 10.6486221 1.1476379 10.6486221 1.214567 0 P 0
L 10.6486221 1.5413386 10.6486221 1.6082677 0 P 0
L 10.6486221 1.738189 10.6486221 1.8051181 0 P 0
L 10.653622 0.2136946 10.653622 0.2137008 1 P 0
L 10.653622 0.2136946 10.973622 0.2136946 1 P 0
L 10.653622 0.2137008 10.653622 0.5737008 1 P 0
L 10.653622 3.3633008 10.653622 3.363307 1 P 0
L 10.653622 3.3633008 10.973622 3.3633008 1 P 0
L 10.653622 3.363307 10.653622 3.723307 1 P 0
L 10.6536221 0.5737006 10.9736281 0.5737006 1 P 0
L 10.6536221 3.7233068 10.9736281 3.7233068 1 P 0
L 10.6889764 1.9350394 10.6889764 2.0019685 0 P 0
L 10.6899606 1.3488189 10.6899606 1.4070866 0 P 0
L 10.8761181 0.6889808 10.8761181 1.6732304 1 P 0
L 10.8761181 0.6889808 11.2151197 0.6889808 1 P 0
L 10.8761181 1.6732304 11.2151197 1.6732304 1 P 0
L 10.973622 0.2136946 10.973622 0.3437008 1 P 0
L 10.973622 0.3437008 11.0736223 0.3437008 1 P 0
L 10.973622 3.3633008 10.973622 3.493307 1 P 0
L 10.973622 3.493307 11.0736223 3.493307 1 P 0
L 10.9736281 0.4437008 10.9736281 0.5737006 1 P 0
L 10.9736281 0.4437008 11.073622 0.4437008 1 P 0
L 10.9736281 3.593307 10.9736281 3.7233068 1 P 0
L 10.9736281 3.593307 11.073622 3.593307 1 P 0
L 11.0049213 1.9350394 11.0049213 2.0019685 0 P 0
L 11.0049213 1.9350394 11.0423228 1.9350394 0 P 0
L 11.0049213 2.0019685 11.0423228 2.0019685 0 P 0
L 11.0423228 1.9350394 11.0423228 2.0019685 0 P 0
L 11.073622 0.4437008 11.073622 0.5737006 1 P 0
L 11.073622 0.5737006 11.393622 0.5737006 1 P 0
L 11.073622 3.593307 11.073622 3.7233068 1 P 0
L 11.073622 3.7233068 11.393622 3.7233068 1 P 0
L 11.0736223 0.2137008 11.0736223 0.3437008 1 P 0
L 11.0736223 0.2137008 11.393622 0.2137008 1 P 0
L 11.0736223 3.363307 11.0736223 3.493307 1 P 0
L 11.0736223 3.363307 11.393622 3.363307 1 P 0
L 11.2151197 0.6889808 11.2151197 1.6732304 1 P 0
L 11.393622 0.2137008 11.393622 0.5737008 1 P 0
L 11.393622 0.5737006 11.393622 0.5737008 1 P 0
L 11.393622 3.363307 11.393622 3.723307 1 P 0
L 11.393622 3.7233068 11.393622 3.723307 1 P 0
L 2.1484911 2.3559119 2.1484911 3.1559119 1 P 0
L 2.3021653 1.93937 2.3021653 1.9976377 0 P 0
L 2.3021653 1.93937 2.422244 1.93937 0 P 0
L 2.3021653 1.9976377 2.422244 1.9976377 0 P 0
L 2.3031496 2.3287402 2.3031496 2.3956693 0 P 0
L 2.3031496 2.3287402 2.4212598 2.3287402 0 P 0
L 2.3031496 2.3956693 2.4212598 2.3956693 0 P 0
L 2.3435039 1.5413385 2.3435039 1.6082676 0 P 0
L 2.3435039 1.5413385 2.3809054 1.5413385 0 P 0
L 2.3435039 1.6082676 2.3809054 1.6082676 0 P 0
L 2.343504 1.738189 2.343504 1.8051181 0 P 0
L 2.343504 1.738189 2.3809055 1.738189 0 P 0
L 2.343504 1.8051181 2.3809055 1.8051181 0 P 0
L 2.343504 2.1318898 2.343504 2.1988189 0 P 0
L 2.343504 2.1318898 2.3809055 2.1318898 0 P 0
L 2.343504 2.1988189 2.3809055 2.1988189 0 P 0
L 2.3809054 1.5413385 2.3809054 1.6082676 0 P 0
L 2.3809055 1.738189 2.3809055 1.8051181 0 P 0
L 2.3809055 2.1318898 2.3809055 2.1988189 0 P 0
L 2.3859055 0.2136946 2.3859055 0.2137008 1 P 0
L 2.3859055 0.2136946 2.7059055 0.2136946 1 P 0
L 2.3859055 0.2137008 2.3859055 0.5737008 1 P 0
L 2.3859055 3.3633009 2.3859055 3.3633071 1 P 0
L 2.3859055 3.3633009 2.7059055 3.3633009 1 P 0
L 2.3859055 3.3633071 2.3859055 3.7233071 1 P 0
L 2.3859056 0.5737006 2.7059116 0.5737006 1 P 0
L 2.3859056 3.7233069 2.7059116 3.7233069 1 P 0
L 2.4212598 2.3287402 2.4212598 2.3956693 0 P 0
L 2.422244 1.93937 2.422244 1.9976377 0 P 0
L 2.5644078 1.4763759 2.5644078 2.4606255 1 P 0
L 2.5644078 1.4763759 2.9034094 1.4763759 1 P 0
L 2.5644078 2.4606255 2.9034094 2.4606255 1 P 0
L 2.7059055 0.2136946 2.7059055 0.3437008 1 P 0
L 2.7059055 0.3437008 2.8059058 0.3437008 1 P 0
L 2.7059055 3.3633009 2.7059055 3.4933071 1 P 0
L 2.7059055 3.4933071 2.8059058 3.4933071 1 P 0
L 2.7059116 0.4437008 2.7059116 0.5737006 1 P 0
L 2.7059116 0.4437008 2.8059055 0.4437008 1 P 0
L 2.7059116 3.5933071 2.7059116 3.7233069 1 P 0
L 2.7059116 3.5933071 2.8059055 3.5933071 1 P 0
L 2.8059055 0.4437008 2.8059055 0.5737006 1 P 0
L 2.8059055 0.5737006 3.1259055 0.5737006 1 P 0
L 2.8059055 3.5933071 2.8059055 3.7233069 1 P 0
L 2.8059055 3.7233069 3.1259055 3.7233069 1 P 0
L 2.8059058 0.2137008 2.8059058 0.3437008 1 P 0
L 2.8059058 0.2137008 3.1259055 0.2137008 1 P 0
L 2.8059058 3.3633071 2.8059058 3.4933071 1 P 0
L 2.8059058 3.3633071 3.1259055 3.3633071 1 P 0
L 2.9034094 1.4763759 2.9034094 2.4606255 1 P 0
L 2.9695935 2.3559119 2.9695935 3.1559119 1 P 0
L 2.9695935 2.3559119 3.3295935 2.3559119 1 P 0
L 2.9695935 3.1559119 3.3295935 3.1559119 1 P 0
L 3.1259055 0.2137008 3.1259055 0.5737008 1 P 0
L 3.1259055 0.5737006 3.1259055 0.5737008 1 P 0
L 3.1259055 3.3633071 3.1259055 3.7233071 1 P 0
L 3.1259055 3.7233069 3.1259055 3.7233071 1 P 0
L 3.1309056 1.1476378 3.1309056 1.2145669 0 P 0
L 3.1309056 1.1476378 3.1683071 1.1476378 0 P 0
L 3.1309056 1.2145669 3.1683071 1.2145669 0 P 0
L 3.1309057 0.9507875 3.1309057 1.0177166 0 P 0
L 3.1309057 0.9507875 3.1683072 0.9507875 0 P 0
L 3.1309057 1.0177166 3.1683072 1.0177166 0 P 0
L 3.1683071 1.1476378 3.1683071 1.2145669 0 P 0
L 3.1683072 0.9507875 3.1683072 1.0177166 0 P 0
L 3.3295935 2.3559119 3.3295935 3.1559119 1 P 0
L 3.4832677 1.93937 3.4832677 1.9976377 0 P 0
L 3.4832677 1.93937 3.6033464 1.93937 0 P 0
L 3.4832677 1.9976377 3.6033464 1.9976377 0 P 0
L 3.484252 2.3287402 3.484252 2.3956693 0 P 0
L 3.484252 2.3287402 3.6023622 2.3287402 0 P 0
L 3.484252 2.3956693 3.6023622 2.3956693 0 P 0
L 3.5246064 1.5413386 3.5246064 1.6082677 0 P 0
L 3.5246064 1.5413386 3.5620079 1.5413386 0 P 0
L 3.5246064 1.6082677 3.5620079 1.6082677 0 P 0
L 3.5246064 1.738189 3.5246064 1.8051181 0 P 0
L 3.5246064 1.738189 3.5620079 1.738189 0 P 0
L 3.5246064 1.8051181 3.5620079 1.8051181 0 P 0
L 3.5246064 2.1318898 3.5246064 2.1988189 0 P 0
L 3.5246064 2.1318898 3.5620079 2.1318898 0 P 0
L 3.5246064 2.1988189 3.5620079 2.1988189 0 P 0
L 3.5620079 1.5413386 3.5620079 1.6082677 0 P 0
L 3.5620079 1.738189 3.5620079 1.8051181 0 P 0
L 3.5620079 2.1318898 3.5620079 2.1988189 0 P 0
L 3.5670079 0.2136946 3.5670079 0.2137008 1 P 0
L 3.5670079 0.2136946 3.8870079 0.2136946 1 P 0
L 3.5670079 0.2137008 3.5670079 0.5737008 1 P 0
L 3.5670079 3.3633009 3.5670079 3.3633071 1 P 0
L 3.5670079 3.3633009 3.8870079 3.3633009 1 P 0
L 3.5670079 3.3633071 3.5670079 3.7233071 1 P 0
L 3.567008 0.5737006 3.887014 0.5737006 1 P 0
L 3.567008 3.7233069 3.887014 3.7233069 1 P 0
L 3.6023622 2.3287402 3.6023622 2.3956693 0 P 0
L 3.6033464 1.93937 3.6033464 1.9976377 0 P 0
L 3.7455102 1.4763759 3.7455102 2.4606255 1 P 0
L 3.7455102 1.4763759 4.0845118 1.4763759 1 P 0
L 3.7455102 2.4606255 4.0845118 2.4606255 1 P 0
L 3.8870079 0.2136946 3.8870079 0.3437008 1 P 0
L 3.8870079 0.3437008 3.9870082 0.3437008 1 P 0
L 3.8870079 3.3633009 3.8870079 3.4933071 1 P 0
L 3.8870079 3.4933071 3.9870082 3.4933071 1 P 0
L 3.887014 0.4437008 3.887014 0.5737006 1 P 0
L 3.887014 0.4437008 3.9870079 0.4437008 1 P 0
L 3.887014 3.5933071 3.887014 3.7233069 1 P 0
L 3.887014 3.5933071 3.9870079 3.5933071 1 P 0
L 3.9870079 0.4437008 3.9870079 0.5737006 1 P 0
L 3.9870079 0.5737006 4.3070079 0.5737006 1 P 0
L 3.9870079 3.5933071 3.9870079 3.7233069 1 P 0
L 3.9870079 3.7233069 4.3070079 3.7233069 1 P 0
L 3.9870082 0.2137008 3.9870082 0.3437008 1 P 0
L 3.9870082 0.2137008 4.3070079 0.2137008 1 P 0
L 3.9870082 3.3633071 3.9870082 3.4933071 1 P 0
L 3.9870082 3.3633071 4.3070079 3.3633071 1 P 0
L 4.0845118 1.4763759 4.0845118 2.4606255 1 P 0
L 4.1506959 2.3559119 4.1506959 3.1559119 1 P 0
L 4.1506959 2.3559119 4.5106959 2.3559119 1 P 0
L 4.1506959 3.1559119 4.5106959 3.1559119 1 P 0
L 4.3070079 0.2137008 4.3070079 0.5737008 1 P 0
L 4.3070079 0.5737006 4.3070079 0.5737008 1 P 0
L 4.3070079 3.3633071 4.3070079 3.7233071 1 P 0
L 4.3070079 3.7233069 4.3070079 3.7233071 1 P 0
L 4.312008 0.9507875 4.312008 1.0177166 0 P 0
L 4.312008 0.9507875 4.3494095 0.9507875 0 P 0
L 4.312008 1.0177166 4.3494095 1.0177166 0 P 0
L 4.312008 1.1476378 4.312008 1.2145669 0 P 0
L 4.312008 1.1476378 4.3494095 1.1476378 0 P 0
L 4.312008 1.2145669 4.3494095 1.2145669 0 P 0
L 4.3494095 0.9507875 4.3494095 1.0177166 0 P 0
L 4.3494095 1.1476378 4.3494095 1.2145669 0 P 0
L 4.5106959 2.3559119 4.5106959 3.1559119 1 P 0
L 4.66437 1.93937 4.66437 1.9976377 0 P 0
L 4.66437 1.93937 4.7844487 1.93937 0 P 0
L 4.66437 1.9976377 4.7844487 1.9976377 0 P 0
L 4.6653543 2.3287402 4.6653543 2.3956693 0 P 0
L 4.6653543 2.3287402 4.7834645 2.3287402 0 P 0
L 4.6653543 2.3956693 4.7834645 2.3956693 0 P 0
L 4.7057087 1.5413386 4.7057087 1.6082677 0 P 0
L 4.7057087 1.5413386 4.7431102 1.5413386 0 P 0
L 4.7057087 1.6082677 4.7431102 1.6082677 0 P 0
L 4.7057087 1.738189 4.7057087 1.8051181 0 P 0
L 4.7057087 1.738189 4.7431102 1.738189 0 P 0
L 4.7057087 1.8051181 4.7431102 1.8051181 0 P 0
L 4.7057087 2.1318898 4.7057087 2.1988189 0 P 0
L 4.7057087 2.1318898 4.7431102 2.1318898 0 P 0
L 4.7057087 2.1988189 4.7431102 2.1988189 0 P 0
L 4.7431102 1.5413386 4.7431102 1.6082677 0 P 0
L 4.7431102 1.738189 4.7431102 1.8051181 0 P 0
L 4.7431102 2.1318898 4.7431102 2.1988189 0 P 0
L 4.7481102 0.2136946 4.7481102 0.2137008 1 P 0
L 4.7481102 0.2136946 5.0681102 0.2136946 1 P 0
L 4.7481102 0.2137008 4.7481102 0.5737008 1 P 0
L 4.7481102 3.3633009 4.7481102 3.3633071 1 P 0
L 4.7481102 3.3633009 5.0681102 3.3633009 1 P 0
L 4.7481102 3.3633071 4.7481102 3.7233071 1 P 0
L 4.7481103 0.5737006 5.0681163 0.5737006 1 P 0
L 4.7481103 3.7233069 5.0681163 3.7233069 1 P 0
L 4.7834645 2.3287402 4.7834645 2.3956693 0 P 0
L 4.7844487 1.93937 4.7844487 1.9976377 0 P 0
L 4.9266126 1.4763759 4.9266126 2.4606255 1 P 0
L 4.9266126 1.4763759 5.2656142 1.4763759 1 P 0
L 4.9266126 2.4606255 5.2656142 2.4606255 1 P 0
L 5.0681102 0.2136946 5.0681102 0.3437008 1 P 0
L 5.0681102 0.3437008 5.1681105 0.3437008 1 P 0
L 5.0681102 3.3633009 5.0681102 3.4933071 1 P 0
L 5.0681102 3.4933071 5.1681105 3.4933071 1 P 0
L 5.0681163 0.4437008 5.0681163 0.5737006 1 P 0
L 5.0681163 0.4437008 5.1681102 0.4437008 1 P 0
L 5.0681163 3.5933071 5.0681163 3.7233069 1 P 0
L 5.0681163 3.5933071 5.1681102 3.5933071 1 P 0
L 5.1681102 0.4437008 5.1681102 0.5737006 1 P 0
L 5.1681102 0.5737006 5.4881102 0.5737006 1 P 0
L 5.1681102 3.5933071 5.1681102 3.7233069 1 P 0
L 5.1681102 3.7233069 5.4881102 3.7233069 1 P 0
L 5.1681105 0.2137008 5.1681105 0.3437008 1 P 0
L 5.1681105 0.2137008 5.4881102 0.2137008 1 P 0
L 5.1681105 3.3633071 5.1681105 3.4933071 1 P 0
L 5.1681105 3.3633071 5.4881102 3.3633071 1 P 0
L 5.2656142 1.4763759 5.2656142 2.4606255 1 P 0
L 5.3317982 2.3559119 5.3317982 3.1559119 1 P 0
L 5.3317982 2.3559119 5.6917982 2.3559119 1 P 0
L 5.3317982 3.1559119 5.6917982 3.1559119 1 P 0
L 5.4881102 0.2137008 5.4881102 0.5737008 1 P 0
L 5.4881102 0.5737006 5.4881102 0.5737008 1 P 0
L 5.4881102 3.3633071 5.4881102 3.7233071 1 P 0
L 5.4881102 3.7233069 5.4881102 3.7233071 1 P 0
L 5.4931103 0.9192914 5.4931103 0.9862205 0 P 0
L 5.4931103 0.9192914 5.5305118 0.9192914 0 P 0
L 5.4931103 0.9862205 5.5305118 0.9862205 0 P 0
L 5.4931103 1.1161417 5.4931103 1.1830708 0 P 0
L 5.4931103 1.1161417 5.5305118 1.1161417 0 P 0
L 5.4931103 1.1830708 5.5305118 1.1830708 0 P 0
L 5.5305118 0.9192914 5.5305118 0.9862205 0 P 0
L 5.5305118 1.1161417 5.5305118 1.1830708 0 P 0
L 5.6917982 2.3559119 5.6917982 3.1559119 1 P 0
L 5.8454724 1.93937 5.8454724 1.9976377 0 P 0
L 5.8454724 1.93937 5.9655511 1.93937 0 P 0
L 5.8454724 1.9976377 5.9655511 1.9976377 0 P 0
L 5.8464567 2.3287402 5.8464567 2.3956693 0 P 0
L 5.8464567 2.3287402 5.9645669 2.3287402 0 P 0
L 5.8464567 2.3956693 5.9645669 2.3956693 0 P 0
L 5.8868111 1.5413386 5.8868111 1.6082677 0 P 0
L 5.8868111 1.5413386 5.9242126 1.5413386 0 P 0
L 5.8868111 1.6082677 5.9242126 1.6082677 0 P 0
L 5.8868111 1.738189 5.8868111 1.8051181 0 P 0
L 5.8868111 1.738189 5.9242126 1.738189 0 P 0
L 5.8868111 1.8051181 5.9242126 1.8051181 0 P 0
L 5.8868111 2.1318898 5.8868111 2.1988189 0 P 0
L 5.8868111 2.1318898 5.9242126 2.1318898 0 P 0
L 5.8868111 2.1988189 5.9242126 2.1988189 0 P 0
L 5.9242126 1.5413386 5.9242126 1.6082677 0 P 0
L 5.9242126 1.738189 5.9242126 1.8051181 0 P 0
L 5.9242126 2.1318898 5.9242126 2.1988189 0 P 0
L 5.9292126 0.2136946 5.9292126 0.2137008 1 P 0
L 5.9292126 0.2136946 6.2492126 0.2136946 1 P 0
L 5.9292126 0.2137008 5.9292126 0.5737008 1 P 0
L 5.9292126 3.3633009 5.9292126 3.3633071 1 P 0
L 5.9292126 3.3633009 6.2492126 3.3633009 1 P 0
L 5.9292126 3.3633071 5.9292126 3.7233071 1 P 0
L 5.9292127 0.5737006 6.2492187 0.5737006 1 P 0
L 5.9292127 3.7233069 6.2492187 3.7233069 1 P 0
L 5.9645669 2.3287402 5.9645669 2.3956693 0 P 0
L 5.9655511 1.93937 5.9655511 1.9976377 0 P 0
L 6.107715 1.4763759 6.107715 2.4606255 1 P 0
L 6.107715 1.4763759 6.4467166 1.4763759 1 P 0
L 6.107715 2.4606255 6.4467166 2.4606255 1 P 0
L 6.2492126 0.2136946 6.2492126 0.3437008 1 P 0
L 6.2492126 0.3437008 6.3492129 0.3437008 1 P 0
L 6.2492126 3.3633009 6.2492126 3.4933071 1 P 0
L 6.2492126 3.4933071 6.3492129 3.4933071 1 P 0
L 6.2492187 0.4437008 6.2492187 0.5737006 1 P 0
L 6.2492187 0.4437008 6.3492126 0.4437008 1 P 0
L 6.2492187 3.5933071 6.2492187 3.7233069 1 P 0
L 6.2492187 3.5933071 6.3492126 3.5933071 1 P 0
L 6.3492126 0.4437008 6.3492126 0.5737006 1 P 0
L 6.3492126 0.5737006 6.6692126 0.5737006 1 P 0
L 6.3492126 3.5933071 6.3492126 3.7233069 1 P 0
L 6.3492126 3.7233069 6.6692126 3.7233069 1 P 0
L 6.3492129 0.2137008 6.3492129 0.3437008 1 P 0
L 6.3492129 0.2137008 6.6692126 0.2137008 1 P 0
L 6.3492129 3.3633071 6.3492129 3.4933071 1 P 0
L 6.3492129 3.3633071 6.6692126 3.3633071 1 P 0
L 6.4467166 1.4763759 6.4467166 2.4606255 1 P 0
L 6.5129006 2.3559119 6.5129006 3.1559119 1 P 0
L 6.5129006 2.3559119 6.8729006 2.3559119 1 P 0
L 6.5129006 3.1559119 6.8729006 3.1559119 1 P 0
L 6.6692126 0.2137008 6.6692126 0.5737008 1 P 0
L 6.6692126 0.5737006 6.6692126 0.5737008 1 P 0
L 6.6692126 3.3633071 6.6692126 3.7233071 1 P 0
L 6.6692126 3.7233069 6.6692126 3.7233071 1 P 0
L 6.6742127 0.9507875 6.6742127 1.0177166 0 P 0
L 6.6742127 0.9507875 6.7116142 0.9507875 0 P 0
L 6.6742127 1.0177166 6.7116142 1.0177166 0 P 0
L 6.6742127 1.1476378 6.6742127 1.2145669 0 P 0
L 6.6742127 1.1476378 6.7116142 1.1476378 0 P 0
L 6.6742127 1.2145669 6.7116142 1.2145669 0 P 0
L 6.7116142 0.9507875 6.7116142 1.0177166 0 P 0
L 6.7116142 1.1476378 6.7116142 1.2145669 0 P 0
L 6.8729006 2.3559119 6.8729006 3.1559119 1 P 0
L 7.0265748 1.93937 7.0265748 1.9976377 0 P 0
L 7.0265748 1.93937 7.1466535 1.93937 0 P 0
L 7.0265748 1.9976377 7.1466535 1.9976377 0 P 0
L 7.0275591 2.3287402 7.0275591 2.3956693 0 P 0
L 7.0275591 2.3287402 7.1456693 2.3287402 0 P 0
L 7.0275591 2.3956693 7.1456693 2.3956693 0 P 0
L 7.0679135 1.5413386 7.0679135 1.6082677 0 P 0
L 7.0679135 1.5413386 7.105315 1.5413386 0 P 0
L 7.0679135 1.6082677 7.105315 1.6082677 0 P 0
L 7.0679135 1.738189 7.0679135 1.8051181 0 P 0
L 7.0679135 1.738189 7.105315 1.738189 0 P 0
L 7.0679135 1.8051181 7.105315 1.8051181 0 P 0
L 7.0679135 2.1318898 7.0679135 2.1988189 0 P 0
L 7.0679135 2.1318898 7.105315 2.1318898 0 P 0
L 7.0679135 2.1988189 7.105315 2.1988189 0 P 0
L 7.105315 1.5413386 7.105315 1.6082677 0 P 0
L 7.105315 1.738189 7.105315 1.8051181 0 P 0
L 7.105315 2.1318898 7.105315 2.1988189 0 P 0
L 7.110315 0.2136946 7.110315 0.2137008 1 P 0
L 7.110315 0.2136946 7.430315 0.2136946 1 P 0
L 7.110315 0.2137008 7.110315 0.5737008 1 P 0
L 7.110315 3.3633009 7.110315 3.3633071 1 P 0
L 7.110315 3.3633009 7.430315 3.3633009 1 P 0
L 7.110315 3.3633071 7.110315 3.7233071 1 P 0
L 7.1103151 0.5737006 7.4303211 0.5737006 1 P 0
L 7.1103151 3.7233069 7.4303211 3.7233069 1 P 0
L 7.1456693 2.3287402 7.1456693 2.3956693 0 P 0
L 7.1466535 1.93937 7.1466535 1.9976377 0 P 0
L 7.2888173 1.4763759 7.2888173 2.4606255 1 P 0
L 7.2888173 1.4763759 7.6278189 1.4763759 1 P 0
L 7.2888173 2.4606255 7.6278189 2.4606255 1 P 0
L 7.430315 0.2136946 7.430315 0.3437008 1 P 0
L 7.430315 0.3437008 7.5303153 0.3437008 1 P 0
L 7.430315 3.3633009 7.430315 3.4933071 1 P 0
L 7.430315 3.4933071 7.5303153 3.4933071 1 P 0
L 7.4303211 0.4437008 7.4303211 0.5737006 1 P 0
L 7.4303211 0.4437008 7.530315 0.4437008 1 P 0
L 7.4303211 3.5933071 7.4303211 3.7233069 1 P 0
L 7.4303211 3.5933071 7.530315 3.5933071 1 P 0
L 7.530315 0.4437008 7.530315 0.5737006 1 P 0
L 7.530315 0.5737006 7.850315 0.5737006 1 P 0
L 7.530315 3.5933071 7.530315 3.7233069 1 P 0
L 7.530315 3.7233069 7.850315 3.7233069 1 P 0
L 7.5303153 0.2137008 7.5303153 0.3437008 1 P 0
L 7.5303153 0.2137008 7.850315 0.2137008 1 P 0
L 7.5303153 3.3633071 7.5303153 3.4933071 1 P 0
L 7.5303153 3.3633071 7.850315 3.3633071 1 P 0
L 7.6278189 1.4763759 7.6278189 2.4606255 1 P 0
L 7.6940029 2.3559119 7.6940029 3.1559119 1 P 0
L 7.6940029 2.3559119 8.0540029 2.3559119 1 P 0
L 7.6940029 3.1559119 8.0540029 3.1559119 1 P 0
L 7.850315 0.2137008 7.850315 0.5737008 1 P 0
L 7.850315 0.5737006 7.850315 0.5737008 1 P 0
L 7.850315 3.3633071 7.850315 3.7233071 1 P 0
L 7.850315 3.7233069 7.850315 3.7233071 1 P 0
L 8.0540029 2.3559119 8.0540029 3.1559119 1 P 0
L 8.2076771 1.3488189 8.2076771 1.4070866 0 P 0
L 8.2076771 1.3488189 8.3277558 1.3488189 0 P 0
L 8.2076771 1.4070866 8.3277558 1.4070866 0 P 0
L 8.2086614 1.9350394 8.2086614 2.0019685 0 P 0
L 8.2086614 1.9350394 8.3267716 1.9350394 0 P 0
L 8.2086614 2.0019685 8.3267716 2.0019685 0 P 0
L 8.2490158 0.9507875 8.2490158 1.0177166 0 P 0
L 8.2490158 0.9507875 8.2864173 0.9507875 0 P 0
L 8.2490158 1.0177166 8.2864173 1.0177166 0 P 0
L 8.2490158 1.1476379 8.2490158 1.214567 0 P 0
L 8.2490158 1.1476379 8.2864173 1.1476379 0 P 0
L 8.2490158 1.214567 8.2864173 1.214567 0 P 0
L 8.2490158 1.5413386 8.2490158 1.6082677 0 P 0
L 8.2490158 1.5413386 8.2864173 1.5413386 0 P 0
L 8.2490158 1.6082677 8.2864173 1.6082677 0 P 0
L 8.2490158 1.738189 8.2490158 1.8051181 0 P 0
L 8.2490158 1.738189 8.2864173 1.738189 0 P 0
L 8.2490158 1.8051181 8.2864173 1.8051181 0 P 0
L 8.2864173 0.9507875 8.2864173 1.0177166 0 P 0
L 8.2864173 1.1476379 8.2864173 1.214567 0 P 0
L 8.2864173 1.5413386 8.2864173 1.6082677 0 P 0
L 8.2864173 1.738189 8.2864173 1.8051181 0 P 0
L 8.2914173 0.2136946 8.2914173 0.2137008 1 P 0
L 8.2914173 0.2136946 8.6114173 0.2136946 1 P 0
L 8.2914173 0.2137008 8.2914173 0.5737008 1 P 0
L 8.2914173 3.3633008 8.2914173 3.363307 1 P 0
L 8.2914173 3.3633008 8.6114173 3.3633008 1 P 0
L 8.2914173 3.363307 8.2914173 3.723307 1 P 0
L 8.2914174 0.5737006 8.6114234 0.5737006 1 P 0
L 8.2914174 3.7233068 8.6114234 3.7233068 1 P 0
L 8.3267716 1.9350394 8.3267716 2.0019685 0 P 0
L 8.3277558 1.3488189 8.3277558 1.4070866 0 P 0
L 8.5139133 0.6889808 8.5139133 1.6732304 1 P 0
L 8.5139133 0.6889808 8.8529149 0.6889808 1 P 0
L 8.5139133 1.6732304 8.8529149 1.6732304 1 P 0
L 8.6114173 0.2136946 8.6114173 0.3437008 1 P 0
L 8.6114173 0.3437008 8.7114176 0.3437008 1 P 0
L 8.6114173 3.3633008 8.6114173 3.493307 1 P 0
L 8.6114173 3.493307 8.7114176 3.493307 1 P 0
L 8.6114234 0.4437008 8.6114234 0.5737006 1 P 0
L 8.6114234 0.4437008 8.7114173 0.4437008 1 P 0
L 8.6114234 3.593307 8.6114234 3.7233068 1 P 0
L 8.6114234 3.593307 8.7114173 3.593307 1 P 0
L 8.6427166 1.9350394 8.6427166 2.0019685 0 P 0
L 8.6427166 1.9350394 8.6801181 1.9350394 0 P 0
L 8.6427166 2.0019685 8.6801181 2.0019685 0 P 0
L 8.6801181 1.9350394 8.6801181 2.0019685 0 P 0
L 8.7114173 0.4437008 8.7114173 0.5737006 1 P 0
L 8.7114173 0.5737006 9.0314173 0.5737006 1 P 0
L 8.7114173 3.593307 8.7114173 3.7233068 1 P 0
L 8.7114173 3.7233068 9.0314173 3.7233068 1 P 0
L 8.7114176 0.2137008 8.7114176 0.3437008 1 P 0
L 8.7114176 0.2137008 9.0314173 0.2137008 1 P 0
L 8.7114176 3.363307 8.7114176 3.493307 1 P 0
L 8.7114176 3.363307 9.0314173 3.363307 1 P 0
L 8.8529149 0.6889808 8.8529149 1.6732304 1 P 0
L 9.0314173 0.2137008 9.0314173 0.5737008 1 P 0
L 9.0314173 0.5737006 9.0314173 0.5737008 1 P 0
L 9.0314173 3.363307 9.0314173 3.723307 1 P 0
L 9.0314173 3.7233068 9.0314173 3.723307 1 P 0
L 9.3887795 1.3488189 9.3887795 1.4070866 0 P 0
L 9.3887795 1.3488189 9.5088582 1.3488189 0 P 0
L 9.3887795 1.4070866 9.5088582 1.4070866 0 P 0
L 9.3897638 1.9350394 9.3897638 2.0019685 0 P 0
L 9.3897638 1.9350394 9.507874 1.9350394 0 P 0
L 9.3897638 2.0019685 9.507874 2.0019685 0 P 0
L 9.4301182 0.9507875 9.4301182 1.0177166 0 P 0
L 9.4301182 0.9507875 9.4675197 0.9507875 0 P 0
L 9.4301182 1.0177166 9.4675197 1.0177166 0 P 0
L 9.4301182 1.1476379 9.4301182 1.214567 0 P 0
L 9.4301182 1.1476379 9.4675197 1.1476379 0 P 0
L 9.4301182 1.214567 9.4675197 1.214567 0 P 0
L 9.4301182 1.5413386 9.4301182 1.6082677 0 P 0
L 9.4301182 1.5413386 9.4675197 1.5413386 0 P 0
L 9.4301182 1.6082677 9.4675197 1.6082677 0 P 0
L 9.4301182 1.738189 9.4301182 1.8051181 0 P 0
L 9.4301182 1.738189 9.4675197 1.738189 0 P 0
L 9.4301182 1.8051181 9.4675197 1.8051181 0 P 0
L 9.4675197 0.9507875 9.4675197 1.0177166 0 P 0
L 9.4675197 1.1476379 9.4675197 1.214567 0 P 0
L 9.4675197 1.5413386 9.4675197 1.6082677 0 P 0
L 9.4675197 1.738189 9.4675197 1.8051181 0 P 0
L 9.4725197 0.2136946 9.4725197 0.2137008 1 P 0
L 9.4725197 0.2136946 9.7925197 0.2136946 1 P 0
L 9.4725197 0.2137008 9.4725197 0.5737008 1 P 0
L 9.4725197 3.3633008 9.4725197 3.363307 1 P 0
L 9.4725197 3.3633008 9.7925197 3.3633008 1 P 0
L 9.4725197 3.363307 9.4725197 3.723307 1 P 0
L 9.4725198 0.5737006 9.7925258 0.5737006 1 P 0
L 9.4725198 3.7233068 9.7925258 3.7233068 1 P 0
L 9.507874 1.9350394 9.507874 2.0019685 0 P 0
L 9.5088582 1.3488189 9.5088582 1.4070866 0 P 0
L 9.6950157 0.6889808 10.0340173 0.6889808 1 P 0
L 9.6950157 0.6889808 9.6950157 1.6732304 1 P 0
L 9.6950157 1.6732304 10.0340173 1.6732304 1 P 0
L 9.7925197 0.2136946 9.7925197 0.3437008 1 P 0
L 9.7925197 0.3437008 9.89252 0.3437008 1 P 0
L 9.7925197 3.3633008 9.7925197 3.493307 1 P 0
L 9.7925197 3.493307 9.89252 3.493307 1 P 0
L 9.7925258 0.4437008 9.7925258 0.5737006 1 P 0
L 9.7925258 0.4437008 9.8925197 0.4437008 1 P 0
L 9.7925258 3.593307 9.7925258 3.7233068 1 P 0
L 9.7925258 3.593307 9.8925197 3.593307 1 P 0
L 9.823819 1.9350394 9.823819 2.0019685 0 P 0
L 9.823819 1.9350394 9.8612205 1.9350394 0 P 0
L 9.823819 2.0019685 9.8612205 2.0019685 0 P 0
L 9.8612205 1.9350394 9.8612205 2.0019685 0 P 0
L 9.8925197 0.4437008 9.8925197 0.5737006 1 P 0
L 9.8925197 0.5737006 10.2125197 0.5737006 1 P 0
L 9.8925197 3.593307 9.8925197 3.7233068 1 P 0
L 9.8925197 3.7233068 10.2125197 3.7233068 1 P 0
L 9.89252 0.2137008 10.2125197 0.2137008 1 P 0
L 9.89252 0.2137008 9.89252 0.3437008 1 P 0
L 9.89252 3.363307 10.2125197 3.363307 1 P 0
L 9.89252 3.363307 9.89252 3.493307 1 P 0
